    淘宝店铺：樱花日语之家



                   2015 年7 月新日本語能力試験 N1 答案

                              文字・語彙
      問題 1
         1    2     3    4      5          6
         4    1     2    4      3          2
      問題２
         7    8     9    10    11      12        13

         2    4     2    1      3       1           4
      問題３
         14   15    16   17     18      19
         4    4     3     1        2       1
      問題４
         20   21    22   23     24         25
         4    3     2     1        3       1
      問題５
         26   27    28   29    30      31       32       33        34        35

         2    3     4    3     1       4        2        3         2         1
      問題６
         36   37    38   39    40

         3    2     4    1     4
      問題７
         41   42    43   44    45

         4    3     1    1     2

                               読解
      問題８
         46   47    48   49
         4    2     4     3



      問題９
         50   51    52   53     54         55       56        57        58

         2    2     4     3        1       3         2        2         2




                                                         樱花日语之家，祝您考试成功！
1
    淘宝店铺：樱花日语之家


      問題 10
         59         60       61           62

            4       3        1            3
      問題 11
         63         64

            1       2
      問題 12
         65         66       67           68

            3       4        2            4
      問題 13
         69         70

            3       1

                                                   聴解
      問題１
            1       2        3            4        5        6

            3       1        4            2        2        2
      問題２
            1       2        3            4        5        6        7

            2       2        2            1        3        4        2
      問題３
            1       2        3            4        5        6

            3       2        3            4        4        1
      問題４
        1       2        3   4        5        6   7    8       9   10   11   12   13   14

        2       1        1   3        2        1   2    3       2   3    1    2    2    3
      問題５
            1       2             3

            2       1        1            4




                                                                         樱花日语之家，祝您考试成功！
2
