       Đáp án N1 T12-2022 YUUKI BUI
文字・語彙

問題１

   問                 1                  2                3              4                    5             6
  答案                 3                  2                4              1                    4             3


問題 2

   問             7                  8              9           10             11                 12        13
  答案             1                  3              2            4                3               2          1


問題 3

   問                 14                 15              16              17                  18             19
  答案                 4                  2                1              2                    4             3


問題 4

   問                 20                 21              22              23                  24             25
  答案                 3                  3                2              4                    1             2



文法

問題 5

  問    26             27         28          29         30       31          32         33            34        35
 答案     1                3          3        1          4           2        3          2             4         1


問題 6

  問         36                 37                 38           39                 40
 答案    2 (4231)              4 (1342)        2 (3421)        1 (3412)        3 (4132)


問題 7

   問                 41                 42              43              44
  答案                 3                  4                2              1
読解

問題 8

   問         45        46        47       48
   答案        2         1         1           2


問題 9

   問    49        50        51    52     53      54   55   56
  答案    2         3         2        4   1       2    3    3


問題 10

   問         57        58        59
   答案        4         1         3


問題 11

   問         60        61
   答案        4         4




問題 12

   問         62        63        64
   答案        3         4         2


問題 13

   問         65        66
   答案        3         2
聴解

問題 1

      問       1       2             3       4       5
  答案          2       4             3       2       1


問題 2

      問       1       2             3       4       5            6
  答案          2       2             3       3       2            1


問題 3

      問       1       2             3       4       5
  答案          3       2             4       3       2


問題 4

  問       1   2   3         4   5       6   7   8       9   10       11
 答案       3   1   1         3   2       1   3   3       2   2        1


問題 5

      問       1       2
  答案          4       3-1
