       Đáp án N2 T12-2022 YUUKI BUI
文字・語彙

問題１

   問                 1                2               3        4           5        6
  答案                 2                4               1        2           3        1


問題 2

   問            7                 8              9        10
  答案            4                 3              2        2


問題 3

   問                 11               12             13
  答案                 4                3               1


問題 4

   問            14               15             16        17       18          19   20
  答案            3                 3              4        1        2           4    1


問題 5

  問    21             22         23        24        25
 答案    2                 3        1        2         4


問題 6

  問        26                27                 28        29        30
 答案         1                1                  3         2            4
文法

問題 7

 問       31           32           33     34          35        36       37    38      39        40      41   42
 答案      2            1             4     2           1          4       3        2    1         3       3    4


問題 8

     問                    43              44                    45             46                47
   答案                   2                  1                     2              4                 3
                      (3214)             (2413)                (1423)         (3241)            (2134)


問題 9

  問           48               49         50               51
 答案           2                3           1               4



読解

問題 10

     問                    52              53                    54             55                56
   答案                      4               3                     3                1               2


問題 11

   問           57                   58         59                 60          61           62            63        64
  答案              2                 3             3                  1        4             1            1         3


問題 12

     問                    65              66
   答案                      1               4


問題 13

     問                    67              68                    69
   答案                      4               2                     4
問題 14

      問       70       71
   答案         3        2



聴解

問題 1

      問       1        2             3       4       5
   答案         3        1             2       4       3


問題 2

      問       1        2             3       4       5            6
   答案         3        2             2       1       3            4


問題 3

      問       1        2             3       4       5
   答案         3        3             1       4       2


問題 4

  問       1    2   3         4   5       6   7   8       9   10       11
 答案       2    3   1         3   2       1   3   1       3   2        1


問題 5

      問       1        2
   答案         4        2-4
